-306.0,-92.98272,1.5
-306.0,-100.931335,1.5
-306.0,-111.49583,1.5
-306.0,-128.37755,1.5
-306.0,-144.0,1.5
-305.01498,-144.0,1.5
-298.55597,-144.0,1.5
-286.041,-144.0,1.5
-267.593,-144.0,1.5
-247.74796,-144.0,1.5
-222.54797,-144.0,1.5
-193.623,-144.0,1.5
-168.623,-134.13324,1.5
-143.573,-107.78819,1.5
-118.573006,-86.499954,1.5
-93.67302,-72.0,1.5
-72.848015,-74.08173,1.5
-43.64801,-82.84996,1.5
-18.623013,-95.78784,1.5
6.4269876,-113.76372,1.5
31.401987,-136.67456,1.5
56.426987,-144.0,1.5
81.47698,-144.0,1.5
102.251976,-144.0,1.5
131.40198,-144.0,1.5
156.45,-144.0,1.5
181.5,-144.0,1.5
206.49998,-144.0,1.5
231.57498,-144.0,1.5
252.34998,-144.0,1.5
281.49997,-144.0,1.5
306.525,-144.0,1.5
331.525,-144.0,1.5
356.475,-144.0,1.5
381.475,-144.0,1.5
402.37497,-144.0,1.5
431.49994,-144.0,1.5
456.4999,-134.26778,1.5
481.57492,-107.95804,1.5
506.52493,-86.75826,1.5
531.5999,-72.0,1.5
556.4999,-74.8934,1.5
577.37494,-81.143394,1.5
606.50006,-95.70395,1.5
631.525,-113.62146,1.5
656.4751,-136.4803,1.5
666.0,-144.0,1.5
666.0,-144.0,1.5
666.0,-138.96,1.5
666.0,-111.93306,1.5
662.49304,-89.83975,1.5
653.0751,-72.786156,1.5
637.6271,-51.64958,1.5
616.093,-26.161238,1.5
610.32404,-5.6946087,1.5
604.45905,7.5408354,1.5
589.42206,17.85888,1.5
569.97504,14.115435,1.5
545.4051,5.3184195,1.5
520.4551,-8.414939,1.5
503.837,-18.0,1.5
499.31302,-18.0,1.5
490.99704,-18.0,1.5
486.0,-18.0,1.5
486.0,-18.0,1.5
486.0,-18.0,1.5
485.505,9.92804,1.5
480.042,16.624332,1.5
468.57898,10.419893,1.5
451.03098,0.0,1.5
427.79196,-0.41365957,1.5
402.66696,-5.0401344,1.5
377.74197,-14.6043005,1.5
352.61697,-18.0,1.5
331.817,-18.0,1.5
306.94202,-18.0,1.5
277.71698,-18.0,1.5
252.76697,-18.0,1.5
227.74197,-18.0,1.5
202.79198,-18.0,1.5
177.71698,-18.0,1.5
156.69199,-18.0,1.5
131.717,-18.0,1.5
102.691986,-18.0,1.5
77.64199,-18.0,1.5
54.0,-18.0,1.5
54.0,-18.0,1.5
54.0,-18.0,1.5
54.0,-18.0,1.5
54.0,-18.0,1.5
54.0,-18.0,1.5
54.0,-3.1761155,1.5
50.509995,17.86552,1.5
41.052998,14.110871,1.5
25.552996,5.369171,1.5
3.9619951,0.00000044703484,1.5
-20.938005,-2.8937345,1.5
-45.888004,-10.792334,1.5
-71.01301,-18.0,1.5
-95.963005,-18.0,1.5
-121.013,-18.0,1.5
-141.73799,-18.0,1.5
-170.91298,-18.0,1.5
-195.88799,-18.0,1.5
-220.93799,-18.0,1.5
-245.86298,-18.0,1.5
-270.98798,-18.0,1.5
-295.91293,-18.0,1.5
-320.86295,-18.0,1.5
-324.0,-18.0,1.5
-324.0,-18.0,1.5
-324.0,-18.0,1.5
-324.0,-18.0,1.5
-323.023,-18.0,1.5
-318.05804,5.6028647,1.5
-304.13406,32.92606,1.5
-285.61407,53.349785,1.5
-270.0,80.45109,1.5
-269.00302,102.49095,1.5
-262.555,106.60102,1.5
-252.50998,101.707825,1.5
-235.08397,91.2813,1.5
-207.64595,89.17661,1.5
-182.64597,83.774445,1.5
-157.59596,73.346016,1.5
-136.77097,72.0,1.5
-107.57096,72.0,1.5
-86.79596,72.0,1.5
-57.69596,72.0,1.5
-32.67096,72.0,1.5
-7.5959597,72.0,1.5
17.37904,72.0,1.5
42.37904,72.0,1.5
67.35404,72.0,1.5
88.25404,72.0,1.5
117.42904,72.0,1.5
142.32904,72.0,1.5
167.35405,72.0,1.5
192.30406,72.0,1.5
217.42908,72.0,1.5
238.2,72.0,1.5
267.3,72.0,1.5
270.0,72.0,1.5
270.0,72.0,1.5
270.0,72.0,1.5
270.0,72.0,1.5
270.0,72.0,1.5
270.0,91.43744,1.5
273.509,107.57915,1.5
282.987,102.959656,1.5
298.43298,93.40797,1.5
319.90195,90.0,1.5
344.82693,89.86716,1.5
365.87692,87.05393,1.5
394.97696,77.30948,1.5
419.852,72.0,1.5
444.87695,72.0,1.5
469.85196,72.0,1.5
494.85196,72.0,1.5
519.87695,72.0,1.5
544.43695,72.0,1.5
560.6533,72.0,1.5
578.4041,72.0,1.5
601.8789,72.0,1.5
619.54315,72.0,1.5
627.69244,72.0,1.5
633.2793,72.0,1.5
636.5437,72.0,1.5
640.8403,72.0,1.5
646.95386,72.0,1.5
650.1889,72.0,1.5
649.1524,72.0,1.5
643.7153,72.0,1.5
640.3396,72.0,1.5
638.54913,72.0,1.5
638.0084,75.15,1.5
638.0084,102.18495,1.5
638.0084,124.27816,1.5
638.0084,141.34906,1.5
636.34045,160.54735,1.5
627.0765,189.70628,1.5
612.5814,209.28955,1.5
594.982,223.86421,1.5
584.73895,233.42691,1.5
579.23425,238.03273,1.5
576.35925,237.61107,1.5
572.9272,232.1917,1.5
564.0024,221.78001,1.5
557.15155,206.34071,1.5
553.52185,185.94539,1.5
550.3972,162.0,1.5
541.93097,162.0,1.5
539.015,162.0,1.5
530.9341,181.00664,1.5
517.3531,205.73488,1.5
497.9531,225.23521,1.5
473.45212,239.82304,1.5
448.47714,249.40062,1.5
423.45215,253.9955,1.5
402.67712,254.00543,1.5
373.45212,248.17027,1.5
348.55212,237.79756,1.5
323.52713,222.38751,1.5
300.8191,201.94415,1.5
287.9006,176.36237,1.5
279.4946,162.0,1.5
265.89664,162.0,1.5
246.93277,162.0,1.5
233.5178,162.0,1.5
221.96486,162.0,1.5
208.10416,162.0,1.5
195.39665,162.0,1.5
190.62122,162.0,1.5
187.01727,162.0,1.5
185.4616,162.0,1.5
185.12846,162.0,1.5
185.12846,162.0,1.5
184.96246,162.0,1.5
180.44145,162.0,1.5
174.18317,162.0,1.5
170.86214,162.0,1.5
169.09187,162.0,1.5
168.55083,162.0,1.5
168.55083,162.0,1.5
168.55083,162.0,1.5
168.55083,162.0,1.5
168.55083,162.0,1.5
168.55083,162.0,1.5
168.55083,162.0,1.5
167.53682,176.72156,1.5
162.57481,198.19135,1.5
148.58582,222.46503,1.5
130.1528,237.81827,1.5
106.1568,255.13794,1.5
81.131805,281.4163,1.5
56.106804,302.68787,1.5
31.131805,318.91742,1.5
6.106805,330.17896,1.5
-18.968195,336.43726,1.5
-43.868195,337.67722,1.5
-68.84319,333.9266,1.5
-93.94319,325.13794,1.5
-118.455696,311.42624,1.5
-134.34962,292.69284,1.5
-143.06004,268.8978,1.5
-154.6209,240.22246,1.5
-172.17656,210.25247,1.5
-195.38182,180.34248,1.5